Kprt[Hz/K] = -29.8696 ± 1.78216, t.m. 5.96647 %
F0[kHz] = 581.038 ± 43.3054, t.m. 0.00745312 %
F[Hz] = -29.8696*T[C] + 10^3*581.038
T[C] = -0.0334789*F[Hz]+19452.5